9.864498509932005665e-02 -3.311892562602354877e-04 4.184468286109312429e-01 0.000000000000000000e+00 0.000000000000000000e+00 0.000000000000000000e+00 -2.394685043351758857e-01 -4.097746832659510674e-01 -1.071667490589187643e+00
6.145523771265258839e-01 -1.648221076048823116e-03 1.926281271304216558e+00 0.000000000000000000e+00 0.000000000000000000e+00 0.000000000000000000e+00 7.384792182722536014e-01 3.707063654091839466e-01 8.444615511452305823e-01
6.071593472577846429e-01 -3.064599784166247010e-01 2.156345000674094335e-05 0.000000000000000000e+00 0.000000000000000000e+00 0.000000000000000000e+00 -4.661497219819338289e-01 3.399817058553985410e-04 -3.180292857526945682e-01
6.071592088418439337e-01 -3.064598979083825725e-01 2.142936243275375203e-05 0.000000000000000000e+00 0.000000000000000000e+00 0.000000000000000000e+00 -4.661497150838533332e-01 3.399337301752741389e-04 -3.180297675264938673e-01
1.089657421664750991e+00 -3.782672315887773695e-02 -1.086557479180919633e-05 0.000000000000000000e+00 0.000000000000000000e+00 0.000000000000000000e+00 -1.824994731520068192e-01 -1.508712093655071760e-04 -1.501579881778476455e+00
1.089657376818650825e+00 -3.782673272315136698e-02 -1.090539390702748605e-05 0.000000000000000000e+00 0.000000000000000000e+00 0.000000000000000000e+00 -1.824994440532475559e-01 -1.507680262736911124e-04 -1.501579879066150980e+00
-1.380859082045163833e-01 -9.117258286737988000e-04 1.119306550979499937e+00 0.000000000000000000e+00 0.000000000000000000e+00 0.000000000000000000e+00 4.818546976448911390e-01 -4.976222210682002683e-02 9.487992075485707222e-01
6.071605518071231389e-01 -3.064596114957987005e-01 2.262178917699704555e-05 0.000000000000000000e+00 0.000000000000000000e+00 0.000000000000000000e+00 -4.661505864778706099e-01 3.368438001866801276e-04 -3.180298487500358706e-01
6.071606902353904323e-01 -3.064596920014119874e-01 2.275588769593358705e-05 0.000000000000000000e+00 0.000000000000000000e+00 0.000000000000000000e+00 -4.661505933839493188e-01 3.368917475051789274e-04 -3.180293669769820863e-01
8.591211339886377640e-01 1.108659715004377874e-03 2.070872673717421009e+00 0.000000000000000000e+00 0.000000000000000000e+00 0.000000000000000000e+00 9.025553648674771168e-01 1.021102782768898098e+00 1.100373164321633984e-01
