-4.155990066708845770e-02 7.109568804295681721e-01 4.970746600145296568e-01 2.266210540145781605e-01 2.040747349636056640e+00 1.548422581566962553e+00 2.021585132960681541e+00 -1.613284003045171444e-01 -7.883656426763071545e-01 1.000000000000000000e+00
-2.792849333387883992e-01 -1.502488308213498561e-02 -8.592620222451571310e-01 -7.182820748897446039e-01 3.167505932723227446e-01 1.371463600027994945e+00 4.368383223580700747e-01 -2.963209951000388420e-01 -4.292088414140904362e-01 0.000000000000000000e+00
-2.972850286004468101e-01 -9.161615853571465351e-01 -5.926377347337428159e-01 -1.548658337726366740e+00 -1.797552270447561273e+00 1.634777533159762763e-01 -6.472694991626363192e-01 8.025755684288974345e-01 5.954462752986182661e-01 0.000000000000000000e+00
-1.590731813625196611e-01 7.801928914138132054e-01 6.693643359545744520e-01 -6.521237954144173399e-01 1.622443138765521597e+00 1.362581360920269269e+00 1.560320362841744468e-01 -8.079663650202735525e-02 -7.847879635499986906e-01 1.000000000000000000e+00
-2.743904788783000370e-01 -9.647419015656331087e-01 -4.392286730374675985e-01 -4.390555474782689704e-01 8.921542005346762283e-02 3.817888004476374664e-01 6.712964878532885482e-01 1.188791170112635243e+00 2.337404951654492302e-01 0.000000000000000000e+00
-4.357043313050074085e-01 2.352173153251465032e-01 8.074067022322335418e-01 1.280222754884784431e+00 3.809218660095254894e-01 1.575231515526638593e-01 3.417316346771583468e+00 -3.529944807189803191e-01 -4.424683127730114629e-01 0.000000000000000000e+00
-4.564945365028478808e-01 2.472913140955137923e+00 -6.701196436625318498e-01 -1.272013409689566554e+00 -5.242525206057645493e-01 -1.346794065427206810e+00 -4.973320364278177586e-01 -4.669381024238474787e-01 3.777240403140638580e+00 1.000000000000000000e+00
-3.093451031040902466e-01 -8.051181294499826224e-01 -9.151998511574551687e-01 -7.006351650108736395e-01 2.407348084309641201e-01 1.285653109147578910e+00 1.369136919941779940e-01 4.735294491065036165e-02 2.702643781070471762e-01 0.000000000000000000e+00
4.794051485854871619e-01 2.202497275865578530e+00 1.323558787534490078e+00 8.329025265451158733e-01 -3.994608920809748498e-01 -2.645347913298926046e-02 2.404109181930748296e+00 -4.880752991510927674e-01 -2.452801828310404164e-01 1.000000000000000000e+00
2.469406397641044915e-01 -6.021100694236091178e-01 -1.546929010320368669e-01 7.712105551977167517e-01 3.514266857460143223e-01 1.343056176058093631e-01 2.165957671029601794e+00 -4.032443421241976855e-01 -4.487719331694621783e-01 0.000000000000000000e+00
-3.015237531033190255e-01 8.930482746941278416e-01 -7.194862507351690306e-02 -6.023220397463817655e-01 3.794047928754320509e-01 9.597928577696233227e-03 3.413095589257620355e-01 -2.943183374261210128e-01 -5.791938746776648106e-01 0.000000000000000000e+00
-3.425482573078917348e-01 -7.297328804630476458e-03 -8.363770792599802828e-01 -1.290035137533495080e+00 -7.495129642059906727e-01 -9.901879771775221606e-01 -5.634820991403978185e-01 -2.939306215130408351e-01 3.603039266434828303e+00 0.000000000000000000e+00
9.427489346645900881e-02 1.528129724682729673e+00 -8.839206232336150881e-01 -3.254844691131911771e-01 2.828642271962125351e-02 1.303411881685717200e+00 7.505414393056886180e-01 -3.807561317883548235e-01 -4.042464917075416775e-01 1.000000000000000000e+00
-1.286011848995053941e-01 2.898341251136976826e+00 -5.773018524667637985e-01 -9.249291521386945325e-01 4.228275379761599062e-01 -4.380591262656253204e-01 -1.460143383806141448e-01 -2.380516544386180045e-01 1.171583840638946938e+00 1.000000000000000000e+00
-3.458604817852041213e-01 -7.980692359298603433e-01 4.307171443477729733e-01 -1.164329144738035504e+00 4.209829734376591692e-01 -4.714033101531985293e-01 -3.564109403605950077e-01 1.522144556881624533e+00 -3.156692332520019684e-01 0.000000000000000000e+00
1.079459748874582597e-01 8.110829431727735184e-01 2.820088810531313217e-01 -4.923559151856420901e-01 4.360646472804015628e-01 4.745012111027808316e-02 5.731810524919684902e-01 -5.581257075487168207e-01 1.087586629226666990e-01 1.000000000000000000e+00
-7.299403816733920913e-02 -8.594118162646002812e-01 -9.145981548188767407e-01 -4.213946738361760147e-01 -1.220286436179497322e-02 8.739816507965521009e-01 2.100950420117070894e-01 -3.565151460431428831e-01 8.930162432908987924e-01 0.000000000000000000e+00
-2.964756448437707026e-01 -9.805567172694265032e-01 -8.050720852881223522e-01 -5.837516238088177323e-01 -8.026786236174264788e-01 -4.526609306233602553e-02 3.719564421469843674e-01 5.319455183938293530e+00 1.353918391012291389e+00 0.000000000000000000e+00
-2.362081160896181975e-01 -8.922384874103403973e-01 -2.628962986803672353e-01 -5.483696478929467322e-01 1.360183544975227976e+00 1.906279638655208331e-01 6.279171925762969675e-01 8.505030369778281418e-01 -3.727277171256206945e-01 0.000000000000000000e+00
-3.569927367390193784e-01 5.433054627405308201e-01 -6.568781210324143860e-01 -6.400702807979598008e-01 4.649971192062542502e-01 -3.708192414022720151e-01 4.316302257776490903e-01 -5.650688863730912725e-01 3.527625207731853452e-02 1.000000000000000000e+00
-4.504533244314213869e-01 1.173124241447124572e+00 2.400109157159601714e-01 -1.419952767340411537e+00 7.781390988693057675e-01 3.732906300197179061e-01 -5.791727447278690599e-01 -3.287152878090515151e-01 -6.320154530358338407e-01 0.000000000000000000e+00
-5.201092803395636066e-01 1.288982468708337992e+00 -9.039967839215932166e-01 -4.097723274127226811e-01 -6.758696966930853867e-01 1.126103710439287253e+00 -7.668399727615571315e-01 -3.647192207709062939e-01 3.802834060269290606e-01 1.000000000000000000e+00
-1.108552987827339104e-01 -7.242982109927260659e-01 -8.716007281198635548e-01 7.069936017444848897e-01 7.341520305473421271e-01 9.662585090583771796e-01 9.455993716559044637e-01 -3.343761537933478412e-01 1.739330406893699332e-01 0.000000000000000000e+00
2.209859542423252554e-01 5.400028474058577999e-01 1.632660524949848480e+00 1.025866832066010037e+00 3.134583308026925863e-01 2.043238439610646495e-01 1.380158285544136110e+00 -2.810889428552076352e-01 -3.869458078123384492e-01 0.000000000000000000e+00
2.889658545446017746e-01 -4.266579757004946294e-01 1.255536741691301916e+00 -1.604601489574914996e-01 -6.116026245247473403e-01 -1.281831367928564780e-01 1.113216828032826955e+00 -5.491379967506074822e-01 -4.366526016249507730e-02 1.000000000000000000e+00
-3.092400035644392031e-01 1.336206238687500880e+00 2.384890814850714857e+00 -6.391517828864803352e-01 3.159991061408350399e-01 1.558915055525425530e-01 3.049311348977123415e-01 -2.729336204302429403e-01 -4.062019785461766785e-01 0.000000000000000000e+00
-3.667257786243490747e-01 1.431449268936403785e+00 -8.879457965645073392e-01 -8.527059544988455086e-02 -5.327812430706445612e-01 7.281255996619192539e-01 6.410610737129548431e-01 -2.125462292698976352e-01 5.533028009791700619e-01 0.000000000000000000e+00
-4.577410166820717885e-01 -7.174387079482400509e-01 7.208618515686529005e-01 -2.516443374583468007e-01 4.243950438185739582e-01 -5.413552261821952261e-01 -7.492593641919345071e-01 8.955065450447274866e-01 -6.065552166298726622e-01 1.000000000000000000e+00
1.021748359551457319e-01 1.757710790559479985e+00 2.147544278426424480e+00 1.036539778965631209e+00 2.990995150226001820e-01 2.515349525430158328e-01 2.389917645913123945e+00 -2.786207366033164878e-01 -4.582981202137262899e-01 0.000000000000000000e+00
-1.058194763190614396e-01 9.305033971178977570e-01 3.186207679096469403e-01 -1.015551550691573324e+00 7.554784830997441913e-01 -2.544463405222050500e-01 -3.255788801387122788e-01 1.548469033195620237e-01 -4.118790687356442271e-01 1.000000000000000000e+00
-2.716097162079654237e-01 -7.331881896902687767e-01 2.103553507115742516e+00 -1.097872430367198060e+00 -6.932110242690583957e-02 -9.006627820568984255e-01 -4.279957094271495399e-01 2.945961080373282748e+00 -3.370551681272344613e-01 0.000000000000000000e+00
-3.875597956556062207e-01 -7.845012022201134361e-01 -8.938583210320734107e-01 -6.751971373744150018e-01 -9.529304214261462569e-01 8.046074281382521454e-01 8.881490442506082550e-01 -3.734240788119226884e-01 1.167507706194482964e+00 0.000000000000000000e+00
-3.844171417854441719e-01 -9.362586321447642357e-01 -9.213539123596437008e-01 4.471505381569443882e-01 7.230028079087205128e-01 1.460092861745488468e+00 -6.779958832311803185e-01 -4.001522167939471075e-02 8.598073724746638224e-02 0.000000000000000000e+00
-4.173182469553253782e-01 9.362483221229090935e-01 -9.271749034928115085e-01 4.051076627826693533e-01 3.757189848927828257e-01 1.618585530685707763e+00 -5.261458377038443768e-01 -3.480536050332331821e-01 -2.605815126085692102e-01 0.000000000000000000e+00
-5.194968067881309270e-01 1.759974724651197295e-02 -4.046419179474795014e-01 -5.306187004844269417e-01 5.533539096297046544e-01 -1.393648565123802308e-01 -7.908300371046723676e-01 -2.137131305384208646e-01 -8.063627773244000929e-01 1.000000000000000000e+00
-2.423092919477774221e-01 -2.265289983334578539e-01 -8.695312543344015793e-03 -2.966379382144796462e-01 7.427086255314542251e-01 1.579170387789866348e-01 8.548161296471415982e-01 -4.038855346221285059e-01 -5.144072288944812055e-01 0.000000000000000000e+00
-2.544629667884276691e-01 -8.626021987362304522e-01 -9.226488603888972628e-01 -8.361890284441564347e-01 -5.474737085162919570e-01 1.508539686232782673e-01 -1.603037513258984137e-01 -3.181592658812361640e-01 6.672661356035963776e-01 0.000000000000000000e+00
-2.229750515350399365e-01 -8.941560433599969882e-01 -7.328500959243681168e-01 -1.126068892135648758e+00 -2.286306928430145380e+00 -4.279534470886391384e-01 -4.941981070879341575e-01 -3.341974874855125899e-01 1.516019470154122306e+00 0.000000000000000000e+00
-1.971356959064172465e-01 -7.218310807362601222e-01 2.072687056581464571e+00 -9.197732091385133479e-01 -1.369539636395532556e+00 -1.713921978830781345e-01 -3.015631690938733733e-01 -2.061912379914269677e-01 -3.513121223757897926e-01 1.000000000000000000e+00
-3.523380048496864148e-01 -9.399966230363289155e-01 -6.642099185927380356e-01 -1.208935202466481895e+00 -1.866785130611734234e+00 1.221748976834250155e-01 -4.561238815471279073e-01 3.589323380168357724e-01 1.691633986906088682e-01 0.000000000000000000e+00
-3.701391952594703660e-01 -1.129568297961227319e-01 1.698339689291429089e+00 -7.458516468180889092e-01 -4.073770183206729123e-01 -6.769773002651768845e-01 -2.538140124829710298e-01 -5.530355786311822452e-01 7.066606580091244760e-02 1.000000000000000000e+00
-4.392819288956267276e-01 -7.041784533707570182e-01 -8.886270651753149785e-01 -8.457459289751977083e-02 -6.559297035215221339e-01 1.131030047023559693e+00 -6.200335032726750351e-01 -4.094870658770107252e-01 8.816427407713958164e-01 0.000000000000000000e+00
-3.638317680941129950e-01 -8.871520787612718895e-01 -8.982795299489476637e-01 -2.810570828144403066e-01 -1.293546105506060417e-01 1.603950770985581586e+00 -7.893100716405745398e-01 3.090200923482260831e-01 -5.101921665153204971e-02 0.000000000000000000e+00
1.113812747301033967e-01 -3.758818528395180825e-01 1.278044836030990838e+00 -1.844148157160349355e-01 -2.792490401195458216e-01 -6.112234496585502441e-01 -9.057668671181919873e-01 -5.603696526599341032e-01 -4.843614654978970618e-02 1.000000000000000000e+00
-1.831309777474907918e-01 -8.421824570931751852e-01 -4.664014529113984509e-01 -1.067308513500946354e+00 6.099105762236851636e-01 -5.677652061847119347e-01 -3.089562924559151047e-01 1.983881289110736912e+00 -4.175842306844043117e-01 0.000000000000000000e+00
-5.408239114362730637e-01 8.098831177605629872e-01 5.154108126742756868e-01 2.237652279986307668e+00 1.215868715017768942e+00 3.093376007972952202e-01 -5.779919938184774342e-01 -5.758804871998959296e-01 -8.118136141371543602e-01 1.000000000000000000e+00
-5.942878800163855502e-01 -9.813625142795965317e-01 -9.744657319177493227e-01 8.808354404545197802e-01 -1.313683107999114474e+00 -2.114772725083297278e+00 -1.109223167974957347e+00 -6.100864460245545295e-01 -8.344280486335227121e-01 0.000000000000000000e+00
-5.942878800163853281e-01 -9.813625142795965317e-01 -9.716572239828151769e-01 -2.857341826219176317e-01 -3.456352049772897228e+00 -3.809213275966838452e+00 6.148463452819279418e-01 2.160873783177250207e+00 3.113945253751668307e+00 0.000000000000000000e+00
-5.942878800163855502e-01 -9.813625142795965317e-01 -9.744657319177493227e-01 8.808354404545197802e-01 -1.313683107999114474e+00 -2.114772725083297278e+00 -1.109223167974957347e+00 -6.100864460245545295e-01 -8.344280486335227121e-01 0.000000000000000000e+00
4.871517634271698705e-01 -1.033903379698956765e-01 -1.880590667241756053e-01 1.765312857593201556e+00 1.286025332441392166e+00 3.671402299095177235e-01 -1.089730184368452592e+00 -5.790320676005569211e-01 -8.098601081296613602e-01 1.000000000000000000e+00
5.834590492061956901e+00 -4.496296784315566564e-01 1.926039972355475083e+00 1.740868504548968021e+00 4.690808377354383496e-01 -2.040465623856836108e-01 -1.068367643828852520e+00 -3.219454311657956036e-01 -7.092798196245837516e-01 1.000000000000000000e+00
1.231605802495187918e+00 -5.468043446768025007e-01 -6.961920051380587893e-01 1.000896738695805421e+00 -9.908634879561512010e-01 -1.506121133661542766e+00 -1.039202634390782531e+00 -4.795805875351032421e-01 -7.799375239007415583e-01 0.000000000000000000e+00
-5.942878800163855502e-01 -9.813625142795965317e-01 -9.744657319177493227e-01 8.808354404545197802e-01 -1.313683107999114474e+00 -2.114772725083297278e+00 -1.109223167974957347e+00 -6.100864460245545295e-01 -8.344280486335227121e-01 0.000000000000000000e+00
2.157631092097744396e+00 -2.562392131395134776e-01 7.575158473428629247e-01 1.788143743040841782e+00 6.563991715843504604e-01 -1.849516971838628954e-01 -9.686880021325086076e-01 -4.188531608615173041e-01 -7.238846654385945323e-01 1.000000000000000000e+00
-4.158223301529433424e-01 -6.587622653944831264e-01 -5.900584882050667890e-01 1.558093282422140069e+00 2.332984573298633735e-01 -4.768241513597505921e-01 -9.886445386609842290e-01 -5.882224700363455350e-01 -6.278581768462366819e-01 1.000000000000000000e+00
-1.898713157627560100e-01 1.463138897531502947e+00 2.346314932548090038e-01 2.107046118833431070e+00 1.186331256309429705e+00 3.969885438119301613e-01 -8.732810983727704590e-01 -4.664621335640654620e-01 -6.184628194355575870e-01 1.000000000000000000e+00
1.261588877847766410e+00 3.434109047791659153e-01 -5.625459837704644972e-01 1.208830209393030986e+00 -1.824651045950929085e-01 -3.997618665686303863e-01 -1.014590865540837328e+00 -5.367710693891304397e-01 -7.677692580272111877e-01 1.000000000000000000e+00
-5.614433263996081447e-01 -5.632395498566336034e-01 9.919072635396959381e-01 -1.714006809967779654e-01 2.742088063827431421e-01 -2.605828902149364690e-01 -3.040063506385617398e-01 -4.630408146029537098e-01 -7.727144177288783888e-01 1.000000000000000000e+00
3.308777047707501584e+00 1.114722474643106143e-01 1.411537362263855400e+00 1.570358813934675135e+00 1.019053440447886372e+00 2.295159487376487728e-01 -1.021860103935170683e+00 -5.442568775136720216e-01 -5.457506262226538007e-01 0.000000000000000000e+00
-5.870147741409764697e-01 -9.813625142795960876e-01 -7.355960184810331759e-01 1.464923805018599756e+00 1.720241536127475657e+00 3.061178495817925560e-01 -2.309457649583213090e-01 -4.164052661480764916e-01 -6.083402870775598270e-01 0.000000000000000000e+00
