6.729704410313788188e-01 1.044405180796183830e+00 -3.991768872946699354e-01 3.488015250641471887e-01 9.388201320190552313e-01 -8.640668809822419361e-01 -2.067163390403125578e-01 -8.727656274931985259e-01 1.411262996448191753e+00 1.000000000000000000e+00
-7.819472920315229114e-02 -6.383978629462866428e-01 -4.739790441699670565e-01 -2.571662646584375045e-01 -9.844487810386396420e-01 8.636693177537339006e-01 -3.036215283514379082e-01 3.895067954662466692e-01 -5.079758610452420609e-01 0.000000000000000000e+00
-7.691570547520258927e-01 -6.423140095652977166e-01 -5.037910475242473041e-01 1.823648746094163053e-01 -1.371865667351064522e+00 -6.497132865382613254e-01 1.192367876018432388e-01 -4.882965082045763738e-01 -5.054063705728044364e-02 0.000000000000000000e+00
7.453756408538981804e-01 1.259721032469070412e+00 -4.375941824892033427e-01 2.010072361136870656e-01 8.791121740264241646e-01 -1.384529771809712040e+00 -1.457655465914466653e-01 -8.716068733100503785e-01 1.946125370833607093e-01 1.000000000000000000e+00
-6.435061811097367857e-01 -6.223921005011645580e-01 -5.731027490362570198e-01 2.720709097156535639e-01 -7.962119609487698924e-01 1.531938158782505111e-01 -3.783425357587010679e-02 7.607127061364964415e-01 1.064030920132075231e+00 0.000000000000000000e+00
5.216203207489121807e-01 -7.096012785288524638e-01 5.260353038799640002e-01 8.577615246846979902e-02 -1.227660549366922094e-01 -5.950950059340697623e-02 -3.446885748448415554e-01 2.780869541757965191e+00 -5.250799165021859949e-01 0.000000000000000000e+00
9.484538667716327920e-01 -4.496239071305018764e-01 1.086311177834272224e+00 -5.706730792779253214e-01 -2.228603336745174912e-01 -3.412173773921069464e-01 -4.731839971398268951e-01 1.983279519803402779e+00 -5.245834567536517001e-01 1.000000000000000000e+00
-9.036950060377130223e-01 -6.957595962636328180e-01 -4.895551412955768122e-01 -3.562060861707194714e-01 7.455012870934148994e-01 -1.427969824265043597e+00 -7.739351229568094959e-02 -4.625538896288902690e-01 1.820171287951971584e-01 0.000000000000000000e+00
2.143483259752566372e+00 2.006958445075120334e+00 -2.435561388883950573e-01 -5.585114245114654041e-01 3.849646495330168450e-01 -5.696106685169234352e-01 -4.488588511396576219e-01 -7.069575643844517865e-01 1.562956658416964073e+00 1.000000000000000000e+00
-3.868086619489000677e-01 -4.156170114235230306e-01 -2.134744123828402063e-01 8.603806994414957277e-02 -3.273761464978463542e-01 -5.482014569746228999e-02 -3.478252124742790552e-01 1.683700285757151249e+00 -5.331273080653891050e-01 0.000000000000000000e+00
-2.348821019491333373e-01 2.133156714327074877e+00 -4.782615533995523971e-01 1.627406727283996490e-01 2.194452616846591375e-01 -1.321169211483680161e+00 -4.066842989129857422e-01 -7.254727354370796855e-01 3.787894586867392444e-01 0.000000000000000000e+00
-9.900602585389098875e-01 9.156124896101528465e-01 -5.312818744550638073e-01 -2.127025937357439389e+00 -6.199076012488932697e-02 6.482944750578217841e-01 3.403462251091253776e-01 -7.062570517071667942e-01 -3.326469622244002666e-01 0.000000000000000000e+00
1.575533146373762516e+00 -4.616940952624295491e-01 -4.921482747345589659e-01 -3.064599739583093729e-01 -7.860184884941910921e-01 9.025926901383262146e-01 -3.589839957341300902e-01 7.192185837308735508e-01 -4.979962046500978623e-01 1.000000000000000000e+00
3.220075706818234185e+00 -5.539956201678220005e-01 -4.457403833149939931e-01 -1.628199482852093760e-01 -1.041004442931303009e+00 3.978271743136675420e-01 -2.358712291703478625e-01 3.776946118918956402e-02 -3.271363730032501860e-02 1.000000000000000000e+00
6.694410770819032852e-02 -6.649499308508148854e-01 -3.674249324063165734e-01 -4.289676012915046022e-02 -1.176439542412668127e+00 9.190535345468725525e-02 -2.884120126266682682e-01 -2.163311298471724820e-01 2.786180948068068264e-01 0.000000000000000000e+00
1.033662479554679603e+00 -4.185684630582514609e-01 6.217226234675555796e-01 1.171012024341355900e-01 -7.670032540218394423e-01 6.841047670222766275e-01 -4.850010504643911813e-01 9.278106342247094407e-01 -3.241028917057798830e-01 1.000000000000000000e+00
-1.072629211024418883e+00 -3.793083921561542504e-01 -4.530433961257609998e-01 -5.813416643701887487e-01 3.329035713940892705e-01 -1.426743833006082873e+00 4.042486473281504011e+00 5.477815233261059680e-01 2.633451533577278389e-02 0.000000000000000000e+00
-9.195198068305145966e-01 -6.290130953348694876e-01 -5.731027490362570198e-01 4.634863637066095055e-01 -8.314421926112358641e-01 -8.314621738085674341e-02 7.151709365849618916e-01 6.460306040021556173e-01 2.638049538239849223e+00 0.000000000000000000e+00
-9.633113639984605125e-01 -5.957783588316110102e-01 1.068003846590890177e-01 5.074408782616072200e-01 -7.946322618732468701e-01 7.374205860877685037e-01 6.679967847589507457e-01 9.960339937830271495e-01 -4.688992967848786830e-01 0.000000000000000000e+00
8.405576419452253090e-01 -6.152792734283939469e-01 -4.471366122921081598e-01 1.286157669665630165e-01 -4.871489604452645672e-01 7.683059453590336263e-01 -4.864175809833943820e-01 1.848113898720573189e+00 -5.421364040655269889e-01 1.000000000000000000e+00
1.291775862980881762e+00 7.194021256453648760e-01 -5.265420613024109908e-01 2.587548571767050998e-02 6.583773827817204216e-01 -1.793075941463293743e+00 -3.064060363637363116e-01 -8.201532758407730217e-01 -2.368493017560963088e-01 0.000000000000000000e+00
1.372174720577135743e+00 -7.453586827938027959e-01 -5.076844814272423179e-01 -5.129573925381450961e-01 -8.167216698837068689e-01 8.954205179342445975e-01 -3.394390793920651350e-01 -5.896528529351602321e-01 -2.801290703145195571e-01 1.000000000000000000e+00
-9.950470408246958609e-01 -5.552894862724183644e-01 -2.705110936994525317e-01 6.962049430468848499e-01 -2.559802415880509940e-01 2.357545833755527176e-01 -2.572828571219244742e-02 1.044985977027140800e+00 -4.884274296363791956e-01 0.000000000000000000e+00
1.074532883948726258e+00 -3.977013783440861427e-01 1.211250758221321888e+00 3.297193663012484288e-01 -1.069822537048933375e-01 9.702886219686358837e-02 -3.174647491135061950e-01 1.362894590316064303e+00 -4.675676588122558708e-01 0.000000000000000000e+00
-4.706015279754426350e-01 1.990920150406247924e+00 -2.258946337540895244e-01 -4.852081463982045872e-01 4.904737349285593906e-01 -8.155859570225112432e-01 -4.857710886328379662e-01 -6.392179041934337169e-01 1.520628993034001564e+00 1.000000000000000000e+00
1.537215857001176911e+00 2.866409027963202405e+00 -4.841675075122004457e-01 1.151431241934915833e-01 1.331959242343012939e-01 -1.375561781423490615e+00 -3.502701697886399512e-01 -7.231016138261682213e-01 2.899605165519547612e-01 0.000000000000000000e+00
-2.823996300794995307e-01 -3.762799628652276351e-01 1.078573710340418046e+00 -4.449050695923905674e-01 -5.348656124818185892e-02 -3.784164683078593550e-01 -3.779171119040735660e-01 1.102593352167929641e+00 -4.865005572937589617e-01 0.000000000000000000e+00
-2.119919046295263843e-01 -4.904794315973714514e-01 3.873128608890762103e-02 -2.561157934992935314e-01 2.108396049354100896e-02 1.257076838803209973e-01 -3.806443337556770223e-01 8.930722302275735380e-01 -5.945162394805176831e-01 1.000000000000000000e+00
-8.740534546221404577e-01 2.645192105822196105e+00 2.676033199498483839e+00 -7.371965686818118257e-01 4.869247385469414602e-01 -3.249329079835899803e-02 3.493522248958506271e+00 -7.832256643551783748e-01 -4.737663472073033177e-01 0.000000000000000000e+00
8.869069557346397348e-01 -5.678751497806725501e-01 4.785670290161781470e-01 -1.584822027120520171e-01 -1.134953418329088137e+00 1.730686882594317522e-01 -8.170518121955310312e-03 -2.414299399005178370e-01 -5.117071567656594766e-01 1.000000000000000000e+00
1.742212121301468519e+00 -6.155561180705064750e-01 -2.533093816512290153e-01 1.053821461827281480e-01 -1.091182462955798460e+00 2.001021655370001928e-01 -2.382342232086374634e-01 -1.598966146803057486e-01 1.324909820690966411e+00 0.000000000000000000e+00
-1.001135586190576632e+00 -6.649788891119560175e-01 -3.247246173846563555e-01 -1.566571561390021738e+00 1.072930191684984935e+00 -1.005086710552943879e-01 2.978943421658761803e+00 -6.316893626654716820e-02 -4.905272562096571476e-01 0.000000000000000000e+00
-1.022396111872353464e+00 -6.755079662387846184e-01 -5.189591133895401498e-01 2.647414222812546902e-01 -2.673323629470917839e-01 1.363939121165000490e+00 6.110607666925978176e-02 -4.439739780544627590e-01 -2.973176081041574159e-01 0.000000000000000000e+00
1.214747805814881509e+00 -6.770786769854932885e-01 -5.246416810778006257e-01 1.683599931157122864e-01 -2.476302586776116255e-01 1.463758737441617441e+00 -2.805990616334219645e-01 -1.863142880718401118e-01 -4.297518410185650617e-01 0.000000000000000000e+00
-5.536452750135459899e-01 1.081918317102918969e+00 -5.474009282413204724e-01 4.961826286920110185e-01 5.338276984456897800e-01 -1.164481608308767457e+00 -5.175580174551681623e-01 -6.159750452967139855e-01 -3.377937644708621234e-01 1.000000000000000000e+00
-8.545918574037600357e-02 2.041969042360859965e-01 -4.580847809513368674e-01 4.870012306354537523e-02 6.113780379040545387e-01 -1.130850719316730979e+00 -3.501683366274604969e-01 -7.857400356102453021e-01 7.602139945453000314e-01 0.000000000000000000e+00
-9.463725792040272866e-01 -6.220103279824488185e-01 -5.245566027624554151e-01 -4.562921769575083442e-01 -1.010858265262058353e+00 5.018131874441774665e-01 -3.015530572875745330e-01 4.445120568375060012e-03 -2.054163499805184145e-01 0.000000000000000000e+00
-9.608042536960538227e-01 -4.621543116784139205e-01 -4.759708213544982525e-01 -2.094277849128187263e+00 3.921367065432105892e-01 -7.465813966954685243e-01 2.641198976398076437e-01 -7.333628909941787566e-02 -4.872936916376952032e-01 0.000000000000000000e+00
1.450511943962775385e+00 -5.928309393598262256e-01 -2.745788966628552319e-01 1.648766307519919372e-01 -1.051935514119282766e+00 -4.428488459417753709e-01 -2.956541050255763747e-01 -1.537507609789105223e-01 -4.339062060231008155e-01 1.000000000000000000e+00
-8.139829249138921252e-01 -6.639663580127503906e-01 -5.280947246012891449e-01 2.983550987456415338e-01 -1.185341456149751282e+00 -5.928958686959184821e-01 -3.544658242220419947e-02 -2.665820260082607529e-01 -2.155325284223719162e-01 0.000000000000000000e+00
1.054065073042794287e+00 -5.375819677849169587e-01 4.683618866861295693e+00 2.517429201705744468e+00 -1.919136533908939457e-01 3.098165426545494761e+00 -3.019008603974723259e-01 2.475466189676379436e+00 5.682791659883590363e-01 1.000000000000000000e+00
-4.174683688900148737e-01 -5.311480103277600451e-01 -4.628672928233940609e-01 2.317520338236058741e+00 4.029328387607053585e+00 4.586814828909988040e-01 1.216029864603116045e-01 2.066662164772625765e+00 7.664266244981038367e-01 0.000000000000000000e+00
-8.456368743273494637e-01 -5.808479009315227204e-01 -4.009725311985888885e-01 2.894049724194799555e+00 4.562310941974445200e+00 2.142084653647014503e-01 3.773186154746506205e+00 -5.836335748216526370e-02 5.126436699476039083e-01 0.000000000000000000e+00
4.182171059746557784e-01 -5.351063434515690442e-02 3.878777748396216918e+00 2.612381990094851947e+00 4.642245541437615697e-01 3.162785279703919539e+00 -3.418641668213178719e-01 1.778749189614180493e-01 3.788687677369951823e-01 1.000000000000000000e+00
-1.358579723863551081e-01 -3.723295428611951285e-01 -2.092328786059567958e-01 3.374566046207804870e+00 -5.250485487343850011e-01 3.136625043685249192e+00 3.582825620829761526e-01 2.070259928197183630e+00 5.587330096176521543e+00 0.000000000000000000e+00
-1.052346829101037162e+00 1.015841796703279787e+00 1.377484212702088096e+00 -1.438277098535343558e-02 4.763751489597300992e-01 2.085459644895614750e-01 -1.381409589042058295e-01 -8.807126951392116876e-01 -5.974472547126142841e-01 1.000000000000000000e+00
-1.071769633706704195e+00 -7.801008983976073230e-01 -5.731027490362570198e-01 -7.178104735968676708e-01 -1.596886039132058011e-01 -4.037700662144975694e-01 -5.338371419145923058e-01 -8.871910745936351095e-01 -6.101312664228714100e-01 0.000000000000000000e+00
-1.071769633706704195e+00 -7.801008983976073230e-01 -5.731027490362570198e-01 -7.178104735968676708e-01 -1.596886039132058011e-01 -4.037700662144975694e-01 -5.338371419145923058e-01 -8.871910745936351095e-01 -6.101312664228714100e-01 0.000000000000000000e+00
-1.071769633706704195e+00 -7.801008983976073230e-01 -5.731027490362570198e-01 -7.178104735968676708e-01 -1.596886039132058011e-01 -4.037700662144975694e-01 -5.338371419145923058e-01 -8.871910745936351095e-01 -6.101312664228714100e-01 0.000000000000000000e+00
-1.746602208280052249e-01 1.462483995703630635e-01 -2.480663746214702980e-01 2.356136778548624435e-03 4.955212640876646146e-01 -6.562465618890769847e-02 -5.114086886167059642e-01 -8.803218354785204980e-01 -6.006450447212765553e-01 1.000000000000000000e+00
9.339954002593139348e-01 2.996599413449630323e+00 5.873413624956440315e-02 -1.114028866156549363e-01 5.059663520661547009e-01 1.987491349423522458e-01 -4.785500679266050383e-01 -8.434093413543528595e-01 -4.763787671557015435e-01 1.000000000000000000e+00
-3.920375124882051754e-01 -2.026379814566497684e-01 -3.318747700564496084e-01 -5.969768771028838295e-01 -8.254308136629509574e-02 -1.350510364460956458e-01 -4.341152361483722188e-01 -8.157106261273824321e-01 -5.957630882308105891e-01 0.000000000000000000e+00
-1.071769633706704195e+00 -7.801008983976073230e-01 -5.731027490362570198e-01 -7.178104735968676708e-01 -1.596886039132058011e-01 -4.037700662144975694e-01 -5.338371419145923058e-01 -8.871910745936351095e-01 -6.101312664228714100e-01 0.000000000000000000e+00
3.748846559263695477e-01 6.589662346437077378e-01 2.230772948071641504e-01 2.093157626684077344e-01 3.042569410810571640e-01 2.683013211436189871e-01 -4.778229743485533088e-01 -7.558052434545549092e-01 -5.256126769105390339e-01 1.000000000000000000e+00
-7.083861722326252330e-01 -3.045541989013175743e-01 -5.088997035759100784e-01 -1.248082992345409398e-01 4.174362416409887477e-01 1.904151078429614646e-02 -5.153745734673924606e-01 -8.215952698067944260e-01 -5.234995225587769641e-01 1.000000000000000000e+00
-4.269144361848646874e-01 1.446093468691608708e+00 5.823598452318035079e-02 -7.119586489263310947e-01 -1.416118547618938350e-01 -2.263935521967189446e-01 -4.432227742528206393e-01 -8.520588886205878731e-01 -5.829993728979079304e-01 1.000000000000000000e+00
-6.135167447113760719e-01 -4.096332816150580203e-01 4.530643412624097977e-01 -1.162417489505703783e+00 -2.138671078521438562e-01 -7.095278459895323353e-01 -4.498015489952340573e-01 -8.738773436409765782e-01 -5.942669574132123378e-01 1.000000000000000000e+00
-3.034535164293278298e-01 -8.930020427359001978e-02 -2.925887569698198409e-01 -7.784254607358844780e-01 -1.428638449090970652e-01 -6.271545540167389188e-01 -5.218186656417942437e-01 -8.835679095060101629e-01 -5.799804557057433030e-01 1.000000000000000000e+00
3.519658451991258263e-01 4.497670825163614938e-01 3.304886998429210632e-01 -5.894050809877761088e-01 -1.805595028744022279e-01 -6.691601720312542190e-01 -4.616958384861058473e-01 -8.691290871936045992e-01 -5.786887572271962599e-01 1.000000000000000000e+00
-9.348718107213574990e-01 -7.801008983976073230e-01 -5.731027490362570198e-01 -5.604765058931702182e-01 -4.571996110487525772e-02 -2.652219534274485313e-01 -4.666528940975722684e-01 -8.400055185033460381e-01 -5.733209506013312584e-01 0.000000000000000000e+00
